%YAML:1.0
---
image_width: 1280
image_height: 720
camera_matrix: !!opencv-matrix
   rows: 3
   cols: 3
   dt: f
   data: [ 5.46984436e+02, 0., 6.39500000e+02, 0., 5.49077454e+02,
       3.59500000e+02, 0., 0., 1. ]
distortion_coefficients: !!opencv-matrix
   rows: 5
   cols: 1
   dt: f
   data: [ -2.46801510e-01, 9.07225385e-02, 0., 0., -1.94050781e-02 ]
