%YAML:1.0
---
image_width: 1280
image_height: 720
camera_matrix: !!opencv-matrix
   rows: 3
   cols: 3
   dt: d
   data: [ 556.5705233398678, 0., 630.05291720217588, 0.,
       556.21735407860706, 332.1973602973448, 0., 0., 1. ]
distortion_coefficients: !!opencv-matrix
   rows: 1
   cols: 5
   dt: d
   data: [ -0.24752028757880332, 0.07575509121126843,
       0.00012285168837221008, 0.00085824270236970965,
       -0.011006877913254151 ]
