%YAML:1.0
---
image_width: 1280
image_height: 720
camera_matrix: !!opencv-matrix
   rows: 3
   cols: 3
   dt: f
   data: [ 5.60886230e+02, 0., 6.39500000e+02, 0., 5.60342957e+02,
       3.59500000e+02, 0., 0., 1. ]
distortion_coefficients: !!opencv-matrix
   rows: 5
   cols: 1
   dt: f
   data: [ -2.62960970e-01, 9.68434885e-02, 0., 0., -2.02421155e-02 ]
