%YAML:1.0
---
image_width: 1280
image_height: 720
camera_matrix: !!opencv-matrix
   rows: 3
   cols: 3
   dt: d
   data: [ 558.49311736654022, 0., 640.75719370467459, 0.,
       558.34138829605354, 343.39273974085245, 0., 0., 1. ]
distortion_coefficients: !!opencv-matrix
   rows: 1
   cols: 5
   dt: d
   data: [ -0.25688748402037903, 0.089453678964044672,
       -0.00030771674818804194, 0.00017539880556521496,
       -0.016307368788539566 ]