%YAML:1.0
---
aruco_bc_dict: "m.dict_info"
aruco_bc_nmarkers: 17
aruco_bc_mInfoType: 1
aruco_bc_markers:
   - { id:1, corners:[ [ -1.5375860929489136e+00, 3.4127166867256165e-01,
       5.7503089904785156e+00 ], [ -1.9157284498214722e+00,
       -2.0905110239982605e-01, 6.4947233200073242e+00 ], [
       -1.0451561212539673e+00, -6.9390463829040527e-01,
       6.5785131454467773e+00 ], [ -6.6701376438140869e-01,
       -1.4358183741569519e-01, 5.8340988159179688e+00 ] ] }
   - { id:2, corners:[ [ -1.0697941482067108e-01,
       -4.5979422330856323e-01, 5.8591232299804688e+00 ], [
       -4.8750269412994385e-01, -1.0236957073211670e+00,
       6.5920743942260742e+00 ], [ 3.7071746587753296e-01,
       -1.5342595577239990e+00, 6.6448268890380859e+00 ], [
       7.5124073028564453e-01, -9.7035801410675049e-01,
       5.9118757247924805e+00 ] ] }
   - { id:3, corners:[ [ 2.1164066791534424e+00, -1.6457527875900269e+00,
       8.0624856948852539e+00 ], [ 1.2312667369842529e+00,
       -1.1871459484100342e+00, 7.9837017059326172e+00 ], [
       1.5247193574905396e+00, -5.0560224056243896e-01,
       8.6540632247924805e+00 ], [ 2.4098594188690186e+00,
       -9.6420907974243164e-01, 8.7328472137451172e+00 ] ] }
   - { id:4, corners:[ [ 2.6075727939605713e+00, -5.2384161949157715e-01,
       9.1658000946044922e+00 ], [ 1.7172157764434814e+00,
       -7.4697256088256836e-02, 9.0914096832275391e+00 ], [
       2.0087931156158447e+00, 6.1336588859558105e-01,
       9.7559032440185547e+00 ], [ 2.8991501331329346e+00,
       1.6422146558761597e-01, 9.8302936553955078e+00 ] ] }
   - { id:5, corners:[ [ 3.0899951457977295e+00, 6.0425555706024170e-01,
       1.0265501022338867e+01 ], [ 2.2048957347869873e+00,
       1.0630829334259033e+00, 1.0187550544738770e+01 ], [
       2.5043642520904541e+00, 1.7527757883071899e+00,
       1.0846824645996094e+01 ], [ 3.3894636631011963e+00,
       1.2939484119415283e+00, 1.0924775123596191e+01 ] ] }
   - { id:6, corners:[ [ 1.6777215003967285e+00, -1.4553439617156982e+00,
       5.9643340110778809e+00 ], [ 1.3208941221237183e+00,
       -2.0277843475341797e+00, 6.7025661468505859e+00 ], [
       2.2027163505554199e+00, -2.4950129985809326e+00,
       6.7664999961853027e+00 ], [ 2.5595436096191406e+00,
       -1.9225724935531616e+00, 6.0282678604125977e+00 ] ] }
   - { id:7, corners:[ [ 3.0355548858642578e+00, -2.0064208507537842e+00,
       6.1913571357727051e+00 ], [ 2.6859385967254639e+00,
       -2.6068682670593262e+00, 6.9105448722839355e+00 ], [
       2.9740071296691895e+00, -1.9453177452087402e+00,
       7.6029086112976074e+00 ], [ 3.3236234188079834e+00,
       -1.3448704481124878e+00, 6.8837208747863770e+00 ] ] }
   - { id:8, corners:[ [ 3.5117387771606445e+00, -9.0882211923599243e-01,
       7.3254132270812988e+00 ], [ 3.1598155498504639e+00,
       -1.5028588771820068e+00, 8.0487880706787109e+00 ], [
       3.4424180984497070e+00, -8.3354145288467407e-01,
       8.7359189987182617e+00 ], [ 3.7943413257598877e+00,
       -2.3950475454330444e-01, 8.0125446319580078e+00 ] ] }
   - { id:9, corners:[ [ 3.9795675277709961e+00, 1.9911280274391174e-01,
       8.4604187011718750e+00 ], [ 3.6249976158142090e+00,
       -3.9612075686454773e-01, 9.1815128326416016e+00 ], [
       3.8943724632263184e+00, 2.7735474705696106e-01,
       9.8698940277099609e+00 ], [ 4.2489423751831055e+00,
       8.7258827686309814e-01, 9.1487998962402344e+00 ] ] }
   - { id:10, corners:[ [ 4.4301538467407227e+00, 1.3177840709686279e+00,
       9.5932559967041016e+00 ], [ 4.0916152000427246e+00,
       7.2139316797256470e-01, 1.0321067810058594e+01 ], [
       4.3582668304443359e+00, 1.4023625850677490e+00,
       1.1003107070922852e+01 ], [ 4.6968054771423340e+00,
       1.9987535476684570e+00, 1.0275295257568359e+01 ] ] }
   - { id:16, corners:[ [ 4.5542578697204590e+00, 2.9059855937957764e+00,
       1.0920484542846680e+01 ], [ 4.1998453140258789e+00,
       2.3193247318267822e+00, 1.1648646354675293e+01 ], [
       3.3075094223022461e+00, 2.7642815113067627e+00,
       1.1572816848754883e+01 ], [ 3.6619219779968262e+00,
       3.3509423732757568e+00, 1.0844655036926270e+01 ] ] }
   - { id:17, corners:[ [ 3.0915517807006836e+00, 3.6289587020874023e+00,
       1.0782426834106445e+01 ], [ 2.7041721343994141e+00,
       3.0553941726684570e+00, 1.1504202842712402e+01 ], [
       1.8201693296432495e+00, 3.5087075233459473e+00,
       1.1389984130859375e+01 ], [ 2.2075490951538086e+00,
       4.0822720527648926e+00, 1.0668208122253418e+01 ] ] }
   - { id:21, corners:[ [ 2.1936461925506592e+00,
       -2.7854013442993164e-01, 6.5712308883666992e+00 ], [
       3.0716838836669922e+00, -7.4811840057373047e-01,
       6.6636781692504883e+00 ], [ 3.3647458553314209e+00,
       -6.7870214581489563e-02, 7.3355245590209961e+00 ], [
       2.4867081642150879e+00, 4.0170803666114807e-01,
       7.2430772781372070e+00 ] ] }
   - { id:22, corners:[ [ 2.6794321537017822e+00, 8.2930809259414673e-01,
       7.6798186302185059e+00 ], [ 3.5584006309509277e+00,
       3.6189031600952148e-01, 7.7743463516235352e+00 ], [
       3.8409721851348877e+00, 1.0320560932159424e+00,
       8.4606628417968750e+00 ], [ 2.9620037078857422e+00,
       1.4994739294052124e+00, 8.3661355972290039e+00 ] ] }
   - { id:23, corners:[ [ -8.2309806346893311e-01,
       1.1427682638168335e+00, 6.0779576301574707e+00 ], [
       5.2824109792709351e-02, 6.7125833034515381e-01,
       6.1801280975341797e+00 ], [ 3.4316900372505188e-01,
       1.3555716276168823e+00, 6.8490195274353027e+00 ], [
       -5.3275310993194580e-01, 1.8270815610885620e+00,
       6.7468490600585938e+00 ] ] }
   - { id:24, corners:[ [ -3.5046339035034180e-01,
       2.2667198181152344e+00, 7.1318407058715820e+00 ], [
       5.1878815889358521e-01, 1.7872763872146606e+00,
       7.2524037361145020e+00 ], [ 8.0236864089965820e-01,
       2.4706029891967773e+00, 7.9251937866210938e+00 ], [
       -6.6882863640785217e-02, 2.9500465393066406e+00,
       7.8046307563781738e+00 ] ] }
   - { id:25, corners:[ [ 1.2724369764328003e-01, 3.3800516128540039e+00,
       8.2228240966796875e+00 ], [ 9.9651491641998291e-01,
       2.9043593406677246e+00, 8.3573026657104492e+00 ], [
       1.2646539211273193e+00, 3.5866312980651855e+00,
       9.0374546051025391e+00 ], [ 3.9538261294364929e-01,
       4.0623235702514648e+00, 8.9029760360717773e+00 ] ] }
