%YAML:1.0
---
aruco_bc_dict: "m.dict_info"
aruco_bc_nmarkers: 95
aruco_bc_mInfoType: 1
aruco_bc_markers:
   - { id:12032, corners:[ [ 1.1709145545959473e+01,
       -4.1662588119506836e+00, 4.4635215759277344e+01 ], [
       1.1674927711486816e+01, -4.4242100715637207e+00,
       4.5600769042968750e+01 ], [ 1.1865332603454590e+01,
       -3.4774703979492188e+00, 4.5860443115234375e+01 ], [
       1.1899550437927246e+01, -3.2195193767547607e+00,
       4.4894889831542969e+01 ] ] }
   - { id:12033, corners:[ [ 1.1673767089843750e+01,
       -4.4999060630798340e+00, 4.5849483489990234e+01 ], [
       1.1637185096740723e+01, -4.7512817382812500e+00,
       4.6816680908203125e+01 ], [ 1.1824645996093750e+01,
       -3.8023428916931152e+00, 4.7070400238037109e+01 ], [
       1.1861227989196777e+01, -3.5509674549102783e+00,
       4.6103202819824219e+01 ] ] }
   - { id:12034, corners:[ [ 1.1632432937622070e+01,
       -4.8254776000976562e+00, 4.7062492370605469e+01 ], [
       1.1597322463989258e+01, -5.0785541534423828e+00,
       4.8029300689697266e+01 ], [ 1.1782289505004883e+01,
       -4.1295080184936523e+00, 4.8284446716308594e+01 ], [
       1.1817399978637695e+01, -3.8764314651489258e+00,
       4.7317638397216797e+01 ] ] }
   - { id:12035, corners:[ [ 1.1597022056579590e+01,
       -5.1698951721191406e+00, 4.8280067443847656e+01 ], [
       1.1563246726989746e+01, -5.4236302375793457e+00,
       4.9246753692626953e+01 ], [ 1.1745011329650879e+01,
       -4.4740848541259766e+00, 4.9502342224121094e+01 ], [
       1.1778786659240723e+01, -4.2203497886657715e+00,
       4.8535655975341797e+01 ] ] }
   - { id:12036, corners:[ [ 1.1557519912719727e+01,
       -5.4987792968750000e+00, 4.9499221801757812e+01 ], [
       1.1519662857055664e+01, -5.7507724761962891e+00,
       5.0466209411621094e+01 ], [ 1.1699108123779297e+01,
       -4.8005352020263672e+00, 5.0720863342285156e+01 ], [
       1.1736965179443359e+01, -4.5485420227050781e+00,
       4.9753875732421875e+01 ] ] }
   - { id:12037, corners:[ [ 1.1511920928955078e+01,
       -5.8158769607543945e+00, 5.0707321166992188e+01 ], [
       1.1476872444152832e+01, -6.0707921981811523e+00,
       5.1673648834228516e+01 ], [ 1.1657260894775391e+01,
       -5.1213655471801758e+00, 5.1930648803710938e+01 ], [
       1.1692309379577637e+01, -4.8664503097534180e+00,
       5.0964321136474609e+01 ] ] }
   - { id:12038, corners:[ [ 1.1435804367065430e+01,
       -6.0458302497863770e+00, 5.1895324707031250e+01 ], [
       1.1391189575195312e+01, -6.2881059646606445e+00,
       5.2864505767822266e+01 ], [ 1.1571809768676758e+01,
       -5.3359036445617676e+00, 5.3110855102539062e+01 ], [
       1.1616424560546875e+01, -5.0936279296875000e+00,
       5.2141674041748047e+01 ] ] }
   - { id:12039, corners:[ [ 1.1373511314392090e+01,
       -6.3257536888122559e+00, 5.3105773925781250e+01 ], [
       1.1332406997680664e+01, -6.5758681297302246e+00,
       5.4073116302490234e+01 ], [ 1.1516177177429199e+01,
       -5.6261153221130371e+00, 5.4326492309570312e+01 ], [
       1.1557281494140625e+01, -5.3760008811950684e+00,
       5.3359149932861328e+01 ] ] }
   - { id:12040, corners:[ [ 1.1337720870971680e+01,
       -6.6762204170227051e+00, 5.4321533203125000e+01 ], [
       1.1298125267028809e+01, -6.9278125762939453e+00,
       5.5288558959960938e+01 ], [ 1.1476663589477539e+01,
       -5.9773859977722168e+00, 5.5543144226074219e+01 ], [
       1.1516259193420410e+01, -5.7257938385009766e+00,
       5.4576118469238281e+01 ] ] }
   - { id:12041, corners:[ [ 1.1298643112182617e+01,
       -7.0175700187683105e+00, 5.5532363891601562e+01 ], [
       1.1258415222167969e+01, -7.2734713554382324e+00,
       5.6498229980468750e+01 ], [ 1.1434587478637695e+01,
       -6.3237833976745605e+00, 5.6757179260253906e+01 ], [
       1.1474815368652344e+01, -6.0678820610046387e+00,
       5.5791313171386719e+01 ] ] }
   - { id:12042, corners:[ [ 5.1139459609985352e+00,
       -1.9687662124633789e+00, 4.5471477508544922e+01 ], [
       5.0943517684936523e+00, -2.1872210502624512e+00,
       4.6447128295898438e+01 ], [ 4.8940858840942383e+00,
       -3.1424245834350586e+00, 4.6229228973388672e+01 ], [
       4.9136800765991211e+00, -2.9239697456359863e+00,
       4.5253578186035156e+01 ] ] }
   - { id:12043, corners:[ [ 5.0916619300842285e+00,
       -2.2281441688537598e+00, 4.6692031860351562e+01 ], [
       5.0676994323730469e+00, -2.4472000598907471e+00,
       4.7667446136474609e+01 ], [ 4.8734784126281738e+00,
       -3.4032878875732422e+00, 4.7447959899902344e+01 ], [
       4.8974409103393555e+00, -3.1842319965362549e+00,
       4.6472545623779297e+01 ] ] }
   - { id:12044, corners:[ [ 5.0638990402221680e+00,
       -2.4957222938537598e+00, 4.7905178070068359e+01 ], [
       5.0432748794555664e+00, -2.7084624767303467e+00,
       4.8882068634033203e+01 ], [ 4.8459272384643555e+00,
       -3.6654710769653320e+00, 4.8669490814208984e+01 ], [
       4.8665513992309570e+00, -3.4527308940887451e+00,
       4.7692600250244141e+01 ] ] }
   - { id:12045, corners:[ [ 5.0309143066406250e+00,
       -2.7692508697509766e+00, 4.9129680633544922e+01 ], [
       5.0137519836425781e+00, -2.9860701560974121e+00,
       5.0105739593505859e+01 ], [ 4.8165349960327148e+00,
       -3.9423623085021973e+00, 4.9889842987060547e+01 ], [
       4.8336973190307617e+00, -3.7255430221557617e+00,
       4.8913784027099609e+01 ] ] }
   - { id:12046, corners:[ [ 4.9998893737792969e+00,
       -3.0399372577667236e+00, 5.0355697631835938e+01 ], [
       4.9788904190063477e+00, -3.2606785297393799e+00,
       5.1330806732177734e+01 ], [ 4.7849845886230469e+00,
       -4.2165813446044922e+00, 5.1110237121582031e+01 ], [
       4.8059835433959961e+00, -3.9958398342132568e+00,
       5.0135128021240234e+01 ] ] }
   - { id:12047, corners:[ [ 4.9676971435546875e+00,
       -3.3174390792846680e+00, 5.1576709747314453e+01 ], [
       4.9553465843200684e+00, -3.5362610816955566e+00,
       5.2552394866943359e+01 ], [ 4.7572364807128906e+00,
       -4.4921441078186035e+00, 5.2335506439208984e+01 ], [
       4.7695870399475098e+00, -4.2733221054077148e+00,
       5.1359821319580078e+01 ] ] }
   - { id:12048, corners:[ [ 4.9355688095092773e+00,
       -3.5947775840759277e+00, 5.2800807952880859e+01 ], [
       4.9248275756835938e+00, -3.8163247108459473e+00,
       5.3775901794433594e+01 ], [ 4.7269153594970703e+00,
       -4.7717099189758301e+00, 5.3556652069091797e+01 ], [
       4.7376565933227539e+00, -4.5501627922058105e+00,
       5.2581558227539062e+01 ] ] }
   - { id:12049, corners:[ [ 4.9062123298645020e+00,
       -3.8732049465179443e+00, 5.4021678924560547e+01 ], [
       4.8926239013671875e+00, -4.0936279296875000e+00,
       5.4996990203857422e+01 ], [ 4.6991686820983887e+00,
       -5.0500183105468750e+00, 5.4778148651123047e+01 ], [
       4.7127571105957031e+00, -4.8295955657958984e+00,
       5.3802837371826172e+01 ] ] }
   - { id:12050, corners:[ [ 4.8800287246704102e+00,
       -4.1499104499816895e+00, 5.5244331359863281e+01 ], [
       4.8604459762573242e+00, -4.3730592727661133e+00,
       5.6218917846679688e+01 ], [ 4.6673822402954102e+00,
       -5.3286433219909668e+00, 5.5996238708496094e+01 ], [
       4.6869649887084961e+00, -5.1054944992065430e+00,
       5.5021652221679688e+01 ] ] }
   - { id:12051, corners:[ [ 4.8476991653442383e+00,
       -4.4286499023437500e+00, 5.6464031219482422e+01 ], [
       4.8280749320983887e+00, -4.6501874923706055e+00,
       5.7438983917236328e+01 ], [ 4.6356925964355469e+00,
       -5.6062698364257812e+00, 5.7217861175537109e+01 ], [
       4.6553168296813965e+00, -5.3847322463989258e+00,
       5.6242908477783203e+01 ] ] }
   - { id:12052, corners:[ [ 6.2440481185913086e+00,
       -1.2039692878723145e+01, 5.6083026885986328e+01 ], [
       6.4398622512817383e+00, -1.1096073150634766e+01,
       5.6349933624267578e+01 ], [ 7.4180812835693359e+00,
       -1.1264912605285645e+01, 5.6229183197021484e+01 ], [
